Aetesh
AP2110010079
11 15 25 23 21
sumanth
AP2110010080
12 13 14 15 16
Anudeep
AP21110010081
25 23 24 21 11
Rohit
AP21110010082
12 25 25 23 25
M.kumar
Ap20120238326
9 17 5 12 21
siddu
AP20133764275
0 11 9 3 2 8
sai
AP20138749752
13 15 16 19 24
venky
AP21099765311
9 12 1 9 11 15
Abdul
AP21298356820
19 23 10 21 6
murali
AP23138746590
15 10 7 8 19
siddardha
AP21110010800
23 21 25 25 25
vinod
AP08001001112
21 17 16 19 25
pavan
AP21110011234
12 19 24 25 21
kasim
AP21189263527
19 1 21 13 14
vivekananda
AP2190283617
21 24 25 12 12
goverdan
AP2102872514
12 13 19 25 15
mohan
AP2112312313
23 22 12 19 17
prasana
AP9182617521
11 12 13 19 25
teja
AP1234567899
21 24 19 25 21
venkat
AP9876543104
25 25 25 25 25